-1 0.52 0.44622093023255816 0.052 0.07848837209302326
-1 0.406 0.7369186046511628 0.048 0.08430232558139535
-1 0.446 0.561046511627907 0.056 0.08139534883720931
-1 0.299 0.5247093023255814 0.054 0.07848837209302326
-1 0.432 0.626453488372093 0.048 0.07848837209302326
-1 0.483 0.6424418604651163 0.046 0.08139534883720931
-1 0.619 1.0377906976744187 0.082 0.08139534883720931
-1 0.609 1.1017441860465116 0.074 0.11046511627906977
-1 0.316 0.8473837209302325 0.072 0.09011627906976744
-1 0.437 0.9505813953488372 0.05 0.08139534883720931
