-1 0.468 0.21657754010695188 0.088 0.0855614973262032
-1 0.685 0.4264705882352941 0.07 0.10427807486631016
-1 0.685 0.4946524064171123 0.062 0.058823529411764705
-1 0.411 0.6417112299465241 0.054 0.0855614973262032
-1 0.395 0.7473262032085561 0.062 0.07219251336898395
-1 0.372 0.9812834224598931 0.052 0.058823529411764705
-1 0.118 0.8368983957219251 0.052 0.058823529411764705
-1 0.49 0.9612299465240641 0.064 0.09893048128342247
-1 0.496 0.9438502673796791 0.068 0.10695187165775401
-1 0.296 1.0601604278074865 0.052 0.07754010695187166
