0 0.307 0.7558139534883721 0.054 0.0755813953488372
0 0.507 0.5901162790697675 0.058 0.06976744186046512
0 0.386 0.6482558139534884 0.056 0.08139534883720931
0 0.361 0.43459302325581395 0.054 0.07848837209302326
0 0.431 0.627906976744186 0.054 0.06976744186046512
0 0.442 0.7020348837209303 0.056 0.06686046511627906
0 0.714 0.8997093023255814 0.056 0.11918604651162791
0 0.758 0.8851744186046512 0.076 0.10755813953488372
0 0.583 0.45930232558139533 0.062 0.10465116279069768
0 0.654 0.6351744186046512 0.056 0.07267441860465117
