0 0.162 0.6256684491978609 0.064 0.11764705882352941
0 0.319 0.9157754010695187 0.078 0.09358288770053476
0 0.37 0.9157754010695187 0.044 0.08288770053475936
0 0.48 0.5494652406417112 0.064 0.07219251336898395
0 0.559 0.5280748663101604 0.054 0.08288770053475936
0 0.734 0.49732620320855614 0.044 0.06951871657754011
0 0.626 0.15775401069518716 0.044 0.06951871657754011
0 0.719 0.6550802139037433 0.074 0.0855614973262032
0 0.706 0.6631016042780749 0.08 0.09090909090909091
0 0.793 0.39572192513368987 0.058 0.06951871657754011
